1 0.0314454 0.0269667
2 0.0287094 0.0237547
3 0.0295113 0.0248693
4 0.00992681 0.00771186
5 0.0786213 0.0748336
6 -0.0297637 -0.0385852
7 -0.177052 -0.163136
8 -0.247771 -0.209465
9 -0.258434 -0.210279
10 -0.143746 -0.109766
11 0.0325997 0.0493244
12 0.0167899 0.00793718
13 0.00421753 -0.001614
14 -0.00713688 -0.0105505
15 -0.00949103 -0.0111313
16 0.113977 0.0983961
17 0.177787 0.150645
18 0.193832 0.157285
19 0.176699 0.139485
20 0.137751 0.105744
21 0.0969478 0.0733073
22 0.0550019 0.0398542
23 0.0200471 0.0130392
24 -0.00581041 -0.00631122
25 -0.021027 -0.0169935
26 -0.0281312 -0.0212085
27 0.0557725 0.0593117
28 0.184672 0.170104
29 0.241065 0.205548
30 0.24375 0.200859
31 0.126536 0.0897346
32 -0.0493083 -0.0599816
33 -0.0304662 -0.0158573
34 -0.0141699 -0.00327296
35 -0.00160937 0.00620709
36 0.00285766 0.00858096
37 -0.114244 -0.103907
38 -0.176382 -0.146254
39 -0.191439 -0.152195
40 -0.174195 -0.134426
41 -0.138133 -0.103444
