1 -2.32854 0.461162 0
2 3 0 0.723355
3 2.06269 0 0.474175
4 -0.0651485 0 0.0454237
5 2.06933 0 0.546634
6 1.19129 0 0.316733
7 0.755197 0 0.242128
8 1.43528 0 0.407645
9 1.15266 0 0.337631
10 0.924978 0 0.304719
11 1.18655 0 0.370475
12 1.01464 0 0.332495
13 0.969504 0 0.330852
14 1.07705 0 0.3608
15 0.972098 0 0.34042
16 0.933592 0 0.343769
17 0.999822 0 0.363724
18 1.00299 0 0.368111
19 0.827574 0 0.333594
20 0.895648 0 0.356557
21 0.8781 0 0.355725
22 0.837481 0 0.351327
23 0.855467 0 0.360374
24 0.812282 0 0.354575
25 0.779385 0 0.352098
26 0.806894 0 0.366602
27 0.759901 0 0.359788
28 0.726784 0 0.357076
29 0.748849 0 0.366337
30 0.717578 0 0.362604
31 0.703819 0 0.363722
32 0.746666 0 0.377156
33 2.98108 0 0.8
34 2.95049 0 0.8
35 2.92347 0 0.8
36 2.90801 0 0.8
37 2.90384 0 0.8
38 2.914 0 0.8
39 2.90678 0 0.8
40 2.90223 0 0.8
41 2.93579 0 0.8
